package com.algorithm.ANS;

import com.algorithm.evaluation.evaluationMain;
import com.algorithm.fusionAlgorithm.FastCombSUM;
import org.apache.poi.hssf.usermodel.HSSFWorkbook;
import org.apache.poi.ss.usermodel.Cell;
import org.apache.poi.ss.usermodel.Row;
import org.apache.poi.ss.usermodel.Sheet;
import org.apache.poi.ss.usermodel.Workbook;

import java.io.BufferedReader;
import java.io.FileOutputStream;
import java.io.FileReader;
import java.io.IOException;
import java.util.ArrayList;
import java.util.List;
import java.util.Random;

// 定义检索系统类
class RetrievalSystem {
    String name;
    double MAP;

    public RetrievalSystem(String name, double MAP) {
        this.name = name;
        this.MAP = MAP;
    }
//

    public String getName()
    {
        return this.name;
    }
    public double getMAP()
    {
        return this.MAP;
    }


}

public class RetrievalSystemOptimization {
    // 所有可用的检索系统列表
    private List<RetrievalSystem> allSystems;
    // 检索系统之间的欧式距离
    private double[][] distanceMatrix;

    // 初始化
    public RetrievalSystemOptimization(List<RetrievalSystem> systems, double[][] distanceMatrix) {
        this.allSystems = systems;
        this.distanceMatrix = distanceMatrix;
    }

    // 计算子集的多样性
    private double calculateDiversity(List<RetrievalSystem> subset) {
        double diversity = 0.0;
        int n = subset.size();
        for (int i = 0; i < n - 1; i++) {
            for (int j = i + 1; j < n; j++) {
                int index1 = allSystems.indexOf(subset.get(i));
                int index2 = allSystems.indexOf(subset.get(j));
                diversity += distanceMatrix[index1][index2];
            }
        }

        return diversity;
    }

    // 评估子集的性能
    private double evaluateSubset(List<RetrievalSystem> subset) throws Exception {

        String[] systemName=new String[subset.size()];
        //扫描所有染色体
        for (int geneIndex = 0; geneIndex < subset.size(); geneIndex++) {
            systemName[geneIndex]=subset.get(geneIndex).getName();
        }
/*
        String[] systemNames={
                "baseline","bm25","bm25_p10","bm25_synonyms","CincyMedIR28dgt","CincyMedIR_20","CincyMedIR_28","CincyMedIR_28_t","CincyMedIR_dgt","CornellTech1",
                "CornellTech2","CSIROmed_rlxRR","CSIROmed_rRRa","CSIROmed_sRRa","CSIROmed_strDFR","CSIROmed_strRR","damoespb1","damoespb2","damoespcbh1","damoespcbh2",
                "damoespcbh3","DA_DCU_IBM_1","DA_DCU_IBM_2","DA_DCU_IBM_3","DA_DCU_IBM_4","duoT5","duoT5rct","ebm","ens","f_CTD_run1",
                "f_CTD_run2","f_run0","f_run1","monoT5","monoT5e1","monoT5rct","nnrun1","nnrun2","nnrun3","PA1run",
                "pozadditional","pozbaseline","pozreranked","r1st","rrf","rrf_p10","rrf_prf_infndcg","rrf_prf_p10","rrf_prf_rprec","run_bm25",
                "sibtm_run1","sibtm_run2","sibtm_run3","sibtm_run4","sibtm_run5","tier1st","uog_ufmg_DFRee","uog_ufmg_sb_df5","uog_ufmg_secL2R","uog_ufmg_s_dfr0",
                "uog_ufmg_s_dfr5","uwbm25","uwman","uwpr","uwr","uwrn",
        };
*/

       /* for (int i = 0; i < systemName.length; i++) {

            System.out.println( systemName[i]);
        }*/
        int k1=0;
        for (int j = 0; j < systemName.length-1; j++) {
            // 创建数据
            Object[][] data = new Object[20][ systemName.length];
            /*data[0][0]="baseline";*/
            /*data[1][0]="UD_GU_SA_5";
            data[2][0]="mugpubgene";
            data[3][0]="UDInfoPMSA2";
            data[4][0]="pms_run3_abs";*/
            for (int k = 0; k <=j+1 ; k++) {
                data[k][0]=systemName[k];
                //System.out.println(data[j][k]);
                k1=k;
            }

            // 创建工作簿
            Workbook workbook =new HSSFWorkbook();

            // 创建工作表
            Sheet sheet = workbook.createSheet("Sheet1");



            // 写入数据
            int rowNum = 0;
            System.out.println("Writing data into Excel...");

            for (Object[] rowData : data) {
                Row row = sheet.createRow(rowNum++);

                int colNum = 0;
                for (Object field : rowData) {
                    Cell cell = row.createCell(colNum++);
                    if (field instanceof String) {
                        cell.setCellValue((String) field);
                    } else if (field instanceof Integer) {
                        cell.setCellValue((Integer) field);
                    }
                }
            }

            // 保存工作簿到文件
            try (FileOutputStream outputStream = new FileOutputStream("E:\\TREC 数据集\\2020MedicineTrackScientific\\classtest\\"+(k1+1)+"\\Semi_K"+(k1+1)+"" + "_1.xls")) {
                workbook.write(outputStream);
            } catch (IOException e) {
                e.printStackTrace();
            }

            System.out.println("Data has been written successfully."+(j+2));
        }


        FastCombSUM.main(systemName);
        double performance =evaluationMain.main(systemName);

        return performance;
    }

    // 贝叶斯优化搜索
    public List<RetrievalSystem> optimize() throws Exception {
        // 初始化随机子集
        List<RetrievalSystem> currentSubset = new ArrayList<>();
        Random rand = new Random(System.currentTimeMillis());
        int[] i=new int[5];

        while (currentSubset.size() < 5) {
            int k=0;
            int index = rand.nextInt(65) + 1;// 生成1到65之间的随机索引
            RetrievalSystem system = allSystems.get(index);
            if (!currentSubset.contains(system)) {
                currentSubset.add(system);
            }
        }

        // 定义全局变量用于存储最佳子集、对应的性能和多样性
        List<RetrievalSystem> bestSubset = new ArrayList<>();
        double bestPerformance = Double.MIN_VALUE;
        double bestDiversity = 0.0;
        // 迭代搜索
        for (int iter = 0; iter < 1000; iter++) {

            // 生成新的候选子集
            List<RetrievalSystem> candidateSubset = new ArrayList<>(currentSubset);
            if (!candidateSubset.isEmpty()) {
                int removeIndex = rand.nextInt(candidateSubset.size()); // 生成0到候选子集大小之间的随机索引
                candidateSubset.remove(removeIndex);
            }


            int addIndex = rand.nextInt(allSystems.size());
            RetrievalSystem systemToAdd = allSystems.get(addIndex);
            candidateSubset.add(systemToAdd);

           /* // 评估候选子集
            double candidatePerformance = evaluateSubset(candidateSubset);
            double candidateDiversity = calculateDiversity(candidateSubset);

            // 更新最佳子集
            if (candidatePerformance > bestPerformance ||
                    (candidatePerformance == bestPerformance && candidateDiversity > bestDiversity)) {
                currentSubset = candidateSubset;
                bestPerformance = candidatePerformance;
                bestDiversity = candidateDiversity;
            }*/


// 在更新子集后评估性能和多样性
// evaluatePerformance 方法用于评估子集的性能，可以根据具体情况实现
// calculateDiversity 方法用于计算子集的多样性，可以根据具体情况实现
            double newPerformance = evaluateSubset(candidateSubset);
            double newDiversity = calculateDiversity(candidateSubset);

// 计算性能下降的阈值
            double performanceThreshold = 0.005;

            double performanceChange = bestPerformance - newPerformance;
// 检查新子集的性能是否优于当前最佳性能
            if (newPerformance > bestPerformance || ((newPerformance == bestPerformance || performanceChange<0.005 ) && (newPerformance>bestDiversity))) {
                // 如果新子集性能更好，则更新最佳子集、最佳性能和最佳多样性
                bestSubset = new ArrayList<>(candidateSubset);
                bestPerformance = newPerformance;
                bestDiversity = newDiversity;
            } else {
                // 如果新子集性能较差，则回滚到之前的最佳子集
                candidateSubset = new ArrayList<>(bestSubset);
            }

// 计算性能变化


// 根据性能变化判断是否更换其他检索系统
            if (performanceChange > performanceThreshold) {
                // 尝试更换其他检索系统直至性能提升
                while (performanceChange > performanceThreshold) {
                   switchRetrievalSystem(candidateSubset);
                }
            } else {
                // 如果性能下降未超过阈值，则选择使集合多样性增加的检索系统
                // increaseDiversity 方法用于选择使集合多样性增加的检索系统，可以根据具体情况实现
                if ( newDiversity > bestDiversity) {
                    currentSubset = candidateSubset;
                    bestPerformance = newPerformance;
                    bestDiversity = newDiversity;
                }
            }


        }

        return currentSubset;
    }

    private void switchRetrievalSystem( List<RetrievalSystem> candidateSubset) {
        Random rand = new Random(System.currentTimeMillis());
        if (!candidateSubset.isEmpty()) {
            int removeIndex = rand.nextInt(candidateSubset.size()); // 生成0到候选子集大小之间的随机索引
            candidateSubset.remove(removeIndex);
        }
        int index = rand.nextInt(65) + 1;// 生成1到65之间的随机索引
        RetrievalSystem system = allSystems.get(index);
        if (!candidateSubset.contains(system)) {
            candidateSubset.add(system);
        }

    }

    public static void main(String[] args) throws Exception {
        // 添加检索系统 名字 map
        List<RetrievalSystem> systems = new ArrayList<>();
        BufferedReader br=new BufferedReader(new FileReader("E:\\TREC 数据集\\2020MedicineTrackScientific\\testeval\\eval61_60\\"));
        String line="";
        while ((line=br.readLine())!=null)
        {
            String[] str=line.split("\\s+");
            String sysName=str[0];
            double map=Double.parseDouble(str[2]);
            systems.add(new RetrievalSystem(sysName, map));

        }

        // 示例距离矩阵
        double[][] distanceMatrix = {
                {0.0,54.74377213750627,243.18760263837694,260.8243255553638,269.5621573791233,255.87832780262383,205.80066896657746,265.6768902717421,326.5063978665456,322.4844342957616,120.27510737938708,119.9667514427662,156.48482454394747,156.64545451483303,157.52628235765494,274.18412427125406,273.8209886942105,271.895289369266,274.02256429971476,214.2025244342733,207.28305849547291,208.11407736075944,205.30302707127913,204.13614214002482,115.92862633841249,124.7774613722534,147.4261610239309,155.63222489537378,267.28915369797903,270.05365927821185,250.9794075240452,270.6136628611191,116.37790066815008,127.03014514584943,125.73452013691715,69.80912097238686,71.74588964148688,81.15522672620241,165.26901403496925,277.69588056700576,128.95566100321986,159.29630529033386,161.87192363649027,53.42770504979158,102.46195066538158,111.65212773614817,121.18844135261111,120.75967848991475,194.80216601155146,177.29297561330668,229.46402931614338,234.2478648829527,249.15533775951198,256.07138710863944,120.22740949739998,181.1923485467451,155.67200339728808,121.02889866804995,135.67197041195104,135.7644034391528,219.5250473090842,229.85145874925448,236.44911868622384,267.4532363201385,101.36061439684428,127.03014514584943,},
                {54.74377213750627,0.0,228.67469926436547,245.6728961528484,255.30460010578636,242.03073278885284,191.35574783695014,250.8102088629506,323.02853656829546,318.4479729831465,97.48395906354992,97.22854854951382,151.39865730347395,151.6479633755595,152.41021571211894,273.7967026124328,273.4984082377472,271.5826166725295,273.6749271180741,220.77096891703553,214.18484190864442,214.51026820687744,211.68792575521684,210.51653934148015,87.7608303731333,95.41128239277013,133.83892678306307,143.21406973862008,268.8503015492475,271.4016528390129,252.1134830547208,272.22728512408855,88.27277257158828,97.79549903206974,96.48157870228522,96.5379419797085,98.07176930604726,105.91496040874328,153.27035471606038,279.0133278575424,109.7763515274842,152.70185724001877,151.78531078403398,82.98066737048009,77.59750345334416,101.38548496000668,112.00830198622216,111.78302855666902,176.92377748522702,180.45386864665758,231.77090488959158,234.58836884213147,252.2466069389256,256.8316450349168,110.0143176012936,175.34382686373425,148.0025256959246,110.6574050571498,125.36153591491885,117.17457243174672,206.86363742997915,226.4154327337808,230.64433756791612,260.8236226076078,75.74129963189831,97.79549903206974,},
                {243.18760263837694,228.67469926436547,0.0,281.4111980146484,293.5424889479851,290.47215664102066,260.2082043029786,290.8028010952078,330.0200598515157,326.48118767396807,225.67603018727158,225.20754660070037,239.42331801052956,239.64259209005726,240.0883590832024,298.4009349886588,298.1437444322879,297.14945383159517,298.2610062149979,271.8168296743685,270.54086547502686,270.93458354833786,270.5368123272702,270.50888196283705,241.29402472105443,240.13144088748663,237.39738697159183,239.48805894678512,300.3428108327265,301.25608424067434,296.3668711037611,309.0260851759281,241.69448603049278,241.38869330620483,240.77559698686082,248.62493224223718,248.75247042861406,249.63766986318987,244.20921481317782,304.678468105368,226.18375379370636,254.91357030158474,244.7695584571656,244.66695218839854,232.1210668099415,246.82890036789414,246.3298137729018,248.8399186626325,115.91553753958362,263.65452466174236,292.3868732089223,292.07129580970303,298.4280446635959,298.24385663412096,250.20647719806726,263.0909607415059,254.9963130060915,236.9473634063301,250.53953599899143,231.66521843937025,263.1350180162849,278.26406642062926,282.0083539468429,297.4244917976574,236.38156757771358,241.38869330620483,},
                {260.8243255553638,245.6728961528484,281.4111980146484,0.0,171.11069419373763,177.67143397239334,83.24515174989169,150.17694487024679,325.25808574111863,320.08237928586857,261.38159877760654,262.3101217439371,285.92283082078404,285.41027584349933,285.4928424731901,289.15032881963117,289.01867348923855,287.1213134695564,289.1538582725972,291.93858474370023,291.3745554960375,292.52035352566503,292.44060344388623,292.39238575727853,255.9590386723201,255.51721834872046,195.13941162518714,200.9585462704369,312.70323470493787,313.1992553719679,314.40284598558037,321.90984507648733,255.97180572386537,255.72485000504486,255.67032017828697,263.9858156777997,260.94279446734816,271.1399334391398,205.3999168176988,333.224990679974,262.3716242437426,287.35937075611486,208.1737778865292,262.68396684725855,224.6356483166904,256.2140465673525,250.70469003173145,256.13787209564316,255.86956470309957,296.4394461550626,301.010327602708,294.98499652409345,306.7021328064345,305.51613419804784,264.6408148031168,272.3825497684392,269.20837874814003,255.52553822085193,262.9490599308738,250.27388355651016,299.1995411694685,316.7589158586862,312.54420536678117,309.683199308882,250.8625585629743,255.72485000504486,},
                {269.5621573791233,255.30460010578636,293.5424889479851,171.11069419373763,0.0,25.116738854325327,195.87516557763342,55.8402026051299,322.3869673756591,317.1427795545414,268.34422938176954,269.344169598623,289.8801941999001,289.5737983906998,289.55585412877343,305.602152976092,305.291364462887,302.1570289117625,305.50383939951314,297.9500648755672,297.30464809619497,298.4121309520483,298.3111268866181,298.25451271358685,263.4680056261068,263.65499649555966,233.8902829449455,244.06337826801555,308.9135162526601,309.6870169611977,310.2321830007496,317.98192025884515,263.43720768738234,263.9895959044457,263.8260630134663,271.0393080465536,268.85217207264225,277.18968055131256,247.5582331632474,331.72251775958244,271.23231775623924,286.384805081213,249.50019759432112,270.3318758736143,246.9337595437285,266.19389413820215,265.7712027375395,264.8288135475974,273.0543475781455,287.7427036925017,293.2422123733246,286.8613514631667,300.62937836207504,299.2456235803318,275.8704117928632,284.0557880939033,279.9086456990427,266.9242782015854,275.6615528291696,263.6611961486633,302.276946145147,313.61518904952453,311.1647038519823,307.6917284498654,263.0398322332602,263.9895959044457,},
                {255.87832780262383,242.03073278885284,290.47215664102066,177.67143397239334,25.116738854325327,0.0,180.8889716202458,70.61833181630625,322.4643889844856,317.17829626028436,256.89970073053445,258.0335625364804,275.066785742202,274.21679670649297,274.38243172032924,300.02460261015176,299.7587594488114,296.49041962802687,299.9664848324977,289.4761692020876,287.2917940669766,290.729114909044,290.26830734270163,290.0000447083489,253.20312088340802,255.81905438084328,223.56032912005224,234.19333368535825,305.45508037438884,306.4814966479332,304.51079606796816,313.48970678903754,253.1875765588888,256.6939110376877,256.20077081540035,258.94995621443286,256.7065855717175,267.8850767051266,239.19231901216662,327.9230422757373,259.8146381622575,275.67851123813864,240.05760524661946,257.8170203794308,234.79513430515226,254.31903310262086,254.0281549582494,253.14294336903632,265.3863629874321,276.25893059271397,283.467657810411,278.2272998304363,292.95874017257563,292.84503193692797,266.19259202459267,279.9982628122357,272.0528312751031,254.82154024679818,267.0207487878603,253.1890196735554,294.2401849221293,305.7962786532405,303.7979712902006,302.40202762712295,251.6312536436063,256.6939110376877,},
                {205.80066896657746,191.35574783695014,260.2082043029786,83.24515174989169,195.87516557763342,180.8889716202458,0.0,177.8906582587166,325.0132528235943,319.614362572641,213.68644786082328,214.2238282385002,236.88495062716828,237.29018190646957,237.41894697843335,273.38194144161764,273.2027614295541,271.63469905432083,273.3596653558717,251.43376923793184,247.70358718479184,252.88125170081906,251.91909812158195,251.42775097878172,208.6599871080228,214.16698497948374,154.71317039568382,160.7172183774443,295.43360016325477,296.9847636391568,286.9947648265266,301.2937307328676,209.11217342318255,216.29592308157584,215.22341859859313,213.25322594503444,210.87017741540458,222.23872809405748,167.93779866284265,308.40012985789883,214.6246326051185,239.29837211803564,170.530283395838,208.7729094314324,171.5201086705457,203.92167951572395,196.88602053527603,203.79648627666,222.40083415052686,252.85214749993935,267.03473518292014,265.6544019341576,281.4032669149943,283.8191554326946,226.85286115541953,248.8008648389382,236.264229876625,209.23484479591366,226.6053395621469,205.41771042788895,261.4582706227259,277.07812979707467,275.52557184831863,287.3107554885215,204.139382208895,216.29592308157584,},
                {265.6768902717421,250.8102088629506,290.8028010952078,150.17694487024679,55.8402026051299,70.61833181630625,177.8906582587166,0.0,322.7687110970177,317.8171419306458,265.2669316540601,266.2284667059827,286.70472960138227,286.4290057270458,286.33487303993286,300.7531777930402,300.4644549042176,297.60311573786754,300.67678807050095,294.93581742245203,294.1316331038016,295.56117673509914,295.36300541128116,295.24645857947394,259.47249879360277,259.74672440777243,225.59281687358617,235.45604518423488,308.3827051654264,309.1551296651267,309.3288597525058,317.0988361376146,259.45770949119634,260.0999418432179,259.9295194551784,266.986166625196,264.6098410510471,273.8581381416314,238.98546644893395,331.45823141642484,268.1619682259337,284.55150865634783,240.94110153522524,266.24880934723103,240.60891508245027,261.40090409778304,260.65133639292355,260.31576112982447,268.37969085116976,287.302343604735,293.4204469296873,287.19132507064614,300.7122845412328,299.56886781596825,271.8168849407695,280.38569870076975,275.989883051108,262.71758355097506,271.48873297909824,259.11165218853887,300.2978619380486,312.49379311419364,310.1031636986549,307.7946747927456,258.40581812111515,260.0999418432179,},
                {326.5063978665456,323.02853656829546,330.0200598515157,325.25808574111863,322.3869673756591,322.4643889844856,325.0132528235943,322.7687110970177,0.0,43.13323491096309,324.3013742507163,324.3306774388956,328.3619533585466,328.3575482167977,328.3337480056381,342.0574429358058,341.8817384817726,341.8073561449097,341.9515063909098,331.04412915942373,331.35456683968823,331.0093544335941,331.10249232434217,331.260741535084,321.9747295384692,320.6617090260221,322.9505751659514,323.5090801342802,319.8162931688754,320.0296624797032,324.2580761333352,331.0180343128717,322.0258911516239,320.61359798007595,320.61763076439485,325.87108142125794,325.6901695801198,326.297652875682,324.07492652952544,337.34669397397096,325.5333691873442,324.9640827954173,324.2405302175694,326.0437285648231,316.82770882739,326.2647589340336,327.40980500348746,325.27673189729296,322.0548845955857,316.73508855897535,318.57973607786863,318.49008738427085,320.3360599833829,316.24572221332215,329.0318275883688,329.12820793306753,328.87486420962176,327.6545845776151,328.5103342284909,322.53598648596903,320.8836250455744,330.39274536595565,325.57953391280216,320.0915984871847,323.44230070307776,320.61359798007595,},
                {322.4844342957616,318.4479729831465,326.48118767396807,320.08237928586857,317.1427795545414,317.17829626028436,319.614362572641,317.8171419306458,43.13323491096309,0.0,319.90737473555663,319.96669488158676,324.79176878355486,324.79733279623645,324.7428589320481,340.8985504043681,340.67059824132986,340.4797162692968,340.763532682481,327.86164124103965,328.2038997165218,327.8443362669941,327.9513081285882,328.13967207433626,316.8405387289759,315.5681284181955,318.24346583667074,319.02632035911574,317.6172659784976,317.92480796396126,322.0837894210247,328.92851742214594,316.8901745642603,315.5195801152448,315.52267073372474,321.4842693196508,321.28588195488715,322.58684839148896,319.82795956000706,335.5575720790602,321.3925707446293,320.6033918614836,320.01679076577574,321.7325290376999,311.23209768746176,322.20275505177557,323.3008357119212,320.7157431854995,317.64760556168096,311.5522084002515,313.63020551573265,313.17404199646273,316.1525032380512,312.319641435668,325.35891891877355,325.79849249437194,325.05251518187805,323.43366775171614,324.5058590249402,317.8687053055604,316.04882327528605,326.9735006157549,321.2751554635784,314.8428491667925,318.7973966852279,315.5195801152448,},
                {120.27510737938708,97.48395906354992,225.67603018727158,261.38159877760654,268.34422938176954,256.89970073053445,213.68644786082328,265.2669316540601,324.3013742507163,319.90737473555663,0.0,7.9394094142824,94.64133916778154,95.43357078693793,94.1867170380253,284.5735207360986,284.28492866556695,282.5382681963451,284.4354319191643,229.4249655374063,223.1018395871585,223.47652921950504,220.879639494686,219.68585270012687,137.4012608682107,145.417237179433,160.37731923430016,164.185069121631,271.6370267854113,274.1834802263911,256.4352507969738,275.3702876157743,137.95486814384984,147.669692720361,146.56507638345792,144.2101493904268,144.25973988296,151.11071322404638,172.23188622422333,277.75247375087326,63.94103782622939,144.14100210080466,170.999691582597,133.62329631338042,118.23121370523162,138.8413740995729,142.09200792997925,142.76157740245662,169.33881171841267,182.33947404541738,233.00534388882664,234.6305039588131,253.32727934045192,259.814150649307,137.2555321123403,183.0512527034809,159.3532333910269,123.81447991054267,146.24693684456014,123.58392361295208,186.65444977892165,219.72647723367177,217.71276440614702,249.83005303494434,117.59844161152743,147.669692720361,},
                {119.9667514427662,97.22854854951382,225.20754660070037,262.3101217439371,269.344169598623,258.0335625364804,214.2238282385002,266.2284667059827,324.3306774388956,319.96669488158676,7.9394094142824,0.0,92.13962421057298,95.83655815181456,95.88200382529251,284.4630842250718,284.17657180424567,282.46851371077565,284.33294241469696,228.74152630145986,222.53591211541251,222.91502310671018,220.291826184331,219.0852296459765,137.12868625851775,144.8194206671498,160.6559946595491,164.375080305749,271.6482013848381,274.143909574503,256.20917830775915,275.17898090995,137.59967945198986,147.1807479579595,145.9760981099252,143.69917251100634,143.74459255851738,150.27945389495272,172.28127598985284,278.0848650914785,64.60079158611191,144.6685092522784,171.1063415357283,133.17773274431414,118.1672694303169,138.33756130852095,141.62305575753658,142.30469948525428,168.88460620066547,182.350364218355,233.25256002034257,235.218034494596,253.74443397098634,259.95409232048456,137.15970888533406,183.3124518589429,159.3705084575111,124.30803626082536,146.3431732274417,123.84164293483305,186.27444878839023,219.74062733911643,217.93694599359847,250.21575801346935,117.66340334977829,147.1807479579595,},
                {156.48482454394747,151.39865730347395,239.42331801052956,285.92283082078404,289.8801941999001,275.066785742202,236.88495062716828,286.70472960138227,328.3619533585466,324.79176878355486,94.64133916778154,92.13962421057298,0.0,7.534204784204002,8.163598228015745,292.2575623635814,291.84209662265505,290.3384719691835,292.08197233336153,212.13252487851045,206.10123786873493,212.08708234976788,209.85543702947558,208.7302504819529,169.07504666243176,178.6999278099109,191.9438078087979,194.70295120762165,270.15323355049657,272.2957434122427,256.7836686541807,273.15573769784777,169.20106823055517,180.35857986163307,179.49536723992213,166.65977484755464,167.28639291695325,177.90785030725743,202.43912741190616,277.71160839370947,122.7763789812208,168.4096873365939,197.80676559841328,161.8674103721723,165.75524308156326,169.01720143521985,171.25785585772877,170.67483144459044,203.02981712939652,187.30326336266342,232.94573944094287,238.88372741752596,251.9456817623688,263.6178612867184,173.94958418556226,205.83880486461698,186.57886810661248,154.64605145764432,179.98846262374173,165.49835000354346,211.8574520984918,224.20175573006117,229.88437227275813,258.76972823386257,165.15373302642226,180.35857986163307,},
                {156.64545451483303,151.6479633755595,239.64259209005726,285.41027584349933,289.5737983906998,274.21679670649297,237.29018190646957,286.4290057270458,328.3575482167977,324.79733279623645,95.43357078693793,95.83655815181456,7.534204784204002,0.0,7.881300848365001,292.40942360260505,291.99946597529004,290.4552492408738,292.23721025218526,212.73969162865015,206.76563955890805,212.8968572993259,210.70415336310194,209.58880086790077,170.14249837769933,179.8050389415686,192.59164821603034,195.0452440252269,270.24861931893787,272.3683967745675,257.06470499654654,273.2935003790747,170.19081553435876,181.24684128520184,180.53163734623587,167.0305989512962,167.660791406019,178.94112492017916,202.7351376771448,277.79807486806897,122.5073557799694,168.73615250182428,197.75221700293508,162.44488767716228,166.23375659354724,169.56075390043765,172.01140147510378,171.3723992556538,203.52121993262392,187.38433293114923,233.05351184378955,239.05761951924947,252.0977347488831,264.0501458641389,173.89016532850283,206.05096980183444,186.90423988939236,154.77549620946542,180.27533580693336,165.6588645219244,212.43988003715816,224.710931385219,230.26178875330802,258.97109142369095,165.14414760612954,181.24684128520184,},
                {157.52628235765494,152.41021571211894,240.0883590832024,285.4928424731901,289.55585412877343,274.38243172032924,237.41894697843335,286.33487303993286,328.3337480056381,324.7428589320481,94.1867170380253,95.88200382529251,8.163598228015745,7.881300848365001,0.0,292.5092980850013,292.09314683844366,290.60854062831186,292.33126204533073,212.2885693680346,206.163201129031,211.964505817629,209.75378324255757,208.64194254381354,169.37586375406508,178.98812180948806,191.7389462791202,194.52186672570414,270.1900775790215,272.3332121977438,256.99725882864493,273.26550084288056,169.58628634755536,180.51720936455382,179.72899601434173,167.3598936524045,167.9764466661396,178.7592363567213,202.55937989808731,277.41770396227867,124.19159735860401,169.22809958144802,197.39148749505588,162.80109376728686,166.8055921827998,170.057694886171,172.23194031715235,171.61165909231428,204.36259906090604,188.14514796684614,233.55300189641372,239.32860126042974,251.9688217891001,263.9580378413439,174.6107873461211,205.44679498052164,186.7289909436615,154.655132335476,180.39132646017404,166.16734289322955,212.55930469023542,224.5602186865404,230.23380577234963,258.81803958827544,166.24384162488332,180.51720936455382,},
                {274.18412427125406,273.7967026124328,298.4009349886588,289.15032881963117,305.602152976092,300.02460261015176,273.38194144161764,300.7531777930402,342.0574429358058,340.8985504043681,284.5735207360986,284.4630842250718,292.2575623635814,292.40942360260505,292.5092980850013,0.0,6.023733945048362,18.491382803724846,4.408352741065192,285.61446214263026,282.95278685490723,283.1949347381793,281.6368303052429,280.8537001945709,278.76760589508007,280.4063435954942,274.46813057666236,272.6861768993143,310.3607642043687,311.4272362995844,308.5455700382528,318.8782644037602,279.24635598995417,281.579206178983,280.9455719740809,275.7611989106901,276.1477692588943,275.2178102972097,273.55993176391837,318.31435167991043,284.39677821049975,288.7193423161143,274.4186612322435,274.0371642586548,275.1813300466658,274.57556730686724,272.6481302757827,276.2174643894546,275.48510573348585,297.1122463138729,310.69300338829765,312.95625941491926,316.56310918864034,318.60302544510483,286.9638067393662,292.3236711955149,288.5857362091358,277.75067578749884,287.25961688648295,280.6070709202323,306.7729213243487,306.0648671068876,310.4302279631879,322.559076867148,280.52293031414416,281.579206178983,},
                {273.8209886942105,273.4984082377472,298.1437444322879,289.01867348923855,305.291364462887,299.7587594488114,273.2027614295541,300.4644549042176,341.8817384817726,340.67059824132986,284.28492866556695,284.17657180424567,291.84209662265505,291.99946597529004,292.09314683844366,6.023733945048362,0.0,20.98125375072237,3.739232555225847,284.90938071632405,282.2570758356662,282.50075298675347,280.95308756911055,280.16604391748103,278.2728442893548,279.9133552885482,274.0106895623853,272.24556425384486,310.1301369419869,311.1782727148791,308.30173122836567,318.6468522234874,278.7443866554678,281.09248088264513,280.45668855254763,275.2819392214977,275.68915063461964,274.73292751691736,273.1318925118384,317.8883163829881,284.0441236878732,288.04261589836426,273.98428127064705,273.58534103262184,274.82944857008204,274.0517109843753,272.0411941677734,275.6226019862055,275.15148549304666,296.7243702321228,310.3331977046948,312.633663270007,316.20552195844687,318.2686391283095,286.76213219989324,292.01604989582734,288.28836490524395,277.3528027507068,286.9779359331987,280.183276187824,306.3939668960856,305.2902710018975,309.7938822469615,322.04215979919934,280.203122466067,281.09248088264513,},
                {271.895289369266,271.5826166725295,297.14945383159517,287.1213134695564,302.1570289117625,296.49041962802687,271.63469905432083,297.60311573786754,341.8073561449097,340.4797162692968,282.5382681963451,282.46851371077565,290.3384719691835,290.4552492408738,290.60854062831186,18.491382803724846,20.98125375072237,0.0,20.400877019532107,286.1059959796256,283.22984443082936,283.2062763164444,281.54278711927833,280.68886947743005,277.3624407391865,279.22438809552574,272.6276890901578,271.6209705442913,310.06381548853835,311.2814265750505,308.36419631666723,318.5927372554171,277.7895604843343,280.4460697298688,279.77868469263404,273.348597172201,273.76640429019665,274.5776107267814,273.0080460304218,318.62179209585366,282.53246160374493,287.76233333092193,273.30071337061077,272.0233010458249,274.2766238773731,273.9386966296759,272.15311090904055,275.6415029143865,273.28029539583434,295.3240460972746,308.61983650928016,310.9108351919673,314.7663061040135,317.0069544279077,285.29706094492457,291.0921435276085,287.03547399057936,274.7863564696603,285.8409565624178,278.67176694473744,307.0514213829568,305.94730876850997,310.589196495191,322.50852680527953,278.6817765835397,280.4460697298688,},
                {274.02256429971476,273.6749271180741,298.2610062149979,289.1538582725972,305.50383939951314,299.9664848324977,273.3596653558717,300.67678807050095,341.9515063909098,340.763532682481,284.4354319191643,284.33294241469696,292.08197233336153,292.23721025218526,292.33126204533073,4.408352741065192,3.739232555225847,20.400877019532107,0.0,285.21738769388566,282.5714698135914,282.8133519171883,281.2612346798438,280.48108701476866,278.5215896413493,280.15493169732446,274.2727543781096,272.49012939070207,310.25896530170917,311.3118915810702,308.43674038948404,318.7774834151002,279.0009287010547,281.3279162324265,280.692874096602,275.50870209042125,275.8968418885253,274.9683980441226,273.3660063905788,318.0784230769317,284.22333734877543,288.36572328392083,274.2206296138118,273.804486687671,275.0399034293681,274.35591210960723,272.3754612540457,275.95038120879997,275.3279370669128,296.92571588204004,310.52283505064366,312.8125931762933,316.3792768954386,318.43523757722517,286.8602658153119,292.1273702363058,288.40782211886005,277.5225642309763,287.0939594481242,280.36397694360346,306.5719077147945,305.6716767559948,310.12286306252145,322.30787011748896,280.3848511434832,281.3279162324265,},
                {214.2025244342733,220.77096891703553,271.8168296743685,291.93858474370023,297.9500648755672,289.4761692020876,251.43376923793184,294.93581742245203,331.04412915942373,327.86164124103965,229.4249655374063,228.74152630145986,212.13252487851045,212.73969162865015,212.2885693680346,285.61446214263026,284.90938071632405,286.1059959796256,285.21738769388566,0.0,12.948271342861455,46.092168598964896,53.70267311203111,59.803685538082775,218.19879269772,213.16735946125723,215.75466488123075,216.95559715118117,279.97631926539617,281.2528890665115,269.5634745046208,285.840904097866,218.33092428932915,214.0898579102195,213.4050360338255,212.8291251549464,213.26878953054478,213.13373010220965,222.48715667612987,282.618894782136,234.9623597104449,223.10180161123677,221.20746225823058,210.53132669357018,215.31484638385254,208.24407300495983,199.7740003941426,203.23327532618617,246.0187863157612,235.64628944528795,265.98686984902537,271.6122204176896,265.47291709861486,272.94042131696136,246.03024837506032,253.5444568752519,245.385513037494,222.44647141895015,244.2176336999941,227.03698359165492,254.4835250929059,241.82388832888327,257.75071766402715,283.9287528563129,234.7596296055956,214.0898579102195,},
                {207.28305849547291,214.18484190864442,270.54086547502686,291.3745554960375,297.30464809619497,287.2917940669766,247.70358718479184,294.1316331038016,331.35456683968823,328.2038997165218,223.1018395871585,222.53591211541251,206.10123786873493,206.76563955890805,206.163201129031,282.95278685490723,282.2570758356662,283.22984443082936,282.5714698135914,12.948271342861455,0.0,44.380273225781764,50.0385634370585,55.22617184987288,211.49591768049055,208.33546771725347,209.28748260134248,210.38800419763075,278.064071691729,279.5820566455028,267.09082466247986,283.7393950845931,211.70154387618555,209.81541585036015,208.81233564563254,206.33324110652606,206.70717286598887,207.65473579204235,216.553872754795,280.8054375821215,228.87387200308095,217.13125327138624,214.9069111987104,203.83778787262062,209.00640661979963,202.40035488064194,193.33504527866097,196.91750024383876,242.33370368151753,230.54348737167447,263.04169062540427,268.5971801557657,264.2062017017582,272.14541204177254,240.18993232387703,249.2214831397997,239.8394287320942,215.56775543233204,238.41113366810814,221.16814226207399,251.27249872144526,237.6630677210615,253.6001319035566,280.9719602062361,229.50015172612908,209.81541585036015,},
                {208.11407736075944,214.51026820687744,270.93458354833786,292.52035352566503,298.4121309520483,290.729114909044,252.88125170081906,295.56117673509914,331.0093544335941,327.8443362669941,223.47652921950504,222.91502310671018,212.08708234976788,212.8968572993259,211.964505817629,283.1949347381793,282.50075298675347,283.2062763164444,282.8133519171883,46.092168598964896,44.380273225781764,0.0,12.009515830622192,21.627024283072156,207.18199906560722,202.90028921945992,209.18930669991954,209.79194200843637,277.693366961747,279.24224986059437,266.88688890836795,283.3969679527226,207.59707713774293,204.63613561553996,203.4878049782733,205.03705723919308,206.0849359192128,204.95260418955303,216.0518908669813,280.37186768194056,229.77101653605624,216.82351201315254,214.76654612791177,202.85379689512337,210.20756928541968,202.40349195842288,193.60086496268255,196.6532262702744,241.79759535010285,231.36166471734163,265.9156708006566,271.0200545405783,267.21005110138304,274.3928272147376,240.33736996698963,246.23929844698418,238.29753962418644,215.49381981874012,237.57122293484923,219.85123085650997,250.0800758946175,235.8667966729639,252.37469275756365,280.4588174964295,230.028532386586,204.63613561553996,},
                {205.30302707127913,211.68792575521684,270.5368123272702,292.44060344388623,298.3111268866181,290.26830734270163,251.91909812158195,295.36300541128116,331.10249232434217,327.9513081285882,220.879639494686,220.291826184331,209.85543702947558,210.70415336310194,209.75378324255757,281.6368303052429,280.95308756911055,281.54278711927833,281.2612346798438,53.70267311203111,50.0385634370585,12.009515830622192,0.0,9.8478001265449,203.58002092548415,200.50404648484314,206.56704443007976,207.16266897945502,277.1221069965642,278.70331892038917,266.12736239543244,282.7454214150774,203.9902877881248,202.38517160856208,201.13285703474514,201.798135986987,202.87717580378606,202.41275171420318,213.6197258306269,279.38082346597764,227.40036077012405,214.64444840923574,212.37107235122508,199.68475546495907,207.65726089659034,199.87961975196194,190.813787787361,193.92283804428337,239.98492234463453,229.47180045012624,265.179810228509,270.32317958917986,268.22223680179746,275.37183244314247,237.86286948579877,243.7297142352623,235.41676306357584,212.2309771251511,234.90412803747563,217.17440948850003,248.96729035158978,234.18051210810708,250.7895277373936,279.45254362590106,227.72720409845206,202.38517160856208,},
                {204.13614214002482,210.51653934148015,270.50888196283705,292.39238575727853,298.25451271358685,290.0000447083489,251.42775097878172,295.24645857947394,331.260741535084,328.13967207433626,219.68585270012687,219.0852296459765,208.7302504819529,209.58880086790077,208.64194254381354,280.8537001945709,280.16604391748103,280.68886947743005,280.48108701476866,59.803685538082775,55.22617184987288,21.627024283072156,9.8478001265449,0.0,201.85497899197452,199.9601103378796,205.45554573032922,205.96200804961163,276.9089429494193,278.50266143769835,265.8175247881553,282.4928477975393,202.27288206702343,201.91725317492185,200.60040915442278,200.30561446663717,201.39605881747374,201.27983616647558,212.52293323408225,278.8046845110629,226.3290968089596,213.80345256790935,211.26053943315713,198.2927580019704,206.56293523485448,198.79901491862708,189.55003240770594,192.73387417156988,239.38775354988542,228.5924524322521,264.8692042264409,269.984805559277,268.999696445583,276.2291373709261,236.81733736250817,242.53968832546246,234.15176105770766,210.78845448242674,233.8219718315044,215.9420952310939,248.67358861513986,233.4371572206779,249.999928364795,278.9885986111938,226.70958581509655,201.91725317492185,},
